2                               **关卡
355 1070			**小鸟发射点坐标
3				**小鸟个数  *没有用0表示
1 50 50				**种类，width，height
1 50 50				**1正常，2加速，3分裂  4旋转
1 50 50
2				**小猪个数 *没有用0表示
1 50 50 1500 1034		**种类，width，height，pointX
2 100 100 1500 1034		**1小猪  2猪80  3猪1001
6				**障碍物个数 *没有用0表示
1 0 170 20 1425 1164 90		**a b width height pointX pointY angel
1 0 170 20 1595 1164 90		**a障碍物种类 1木头 ，2石头，3玻璃。
1 0 170 20 1500 1069 0		**b每个种类中的分类
1 0 170 20 1465.5 974 90
1 0 170 20 1535.5 974 90
1 1 85 20 1500 879 0
1				**Ground的个数
0 1 200 200 1500 600		**width height pointX pointY
a b 200 200 1500 600		**a那个地面
0 1 200 200 1500 600		**b位置，1左上 ，2右上，3右下，4左下



3 3 42 40 1500 918 0
3 3 42 40 1440 918 0
3 3 42 40 1560 918 0
3 3 42 40 1436.6 968 0
1 2 85 40 1500.2 968 0
2 3 42 40 1563.4 968 0
1 0 170 20 1500 938 0



